'0':
  X1: -88.9
  Y2: -0.1
  Z3: 0.2
  rcx: -0.686892
  rcy: 17.964408
  rcz: 6.910426
  cex: -0.686892
  cey: 17.96479
  cez: 7.772039
'1':
  X1: -166.2
  Y2: -89.9
  Z3: 75.8
  rcx: -0.264712
  rcy: 18.716293
  rcz: 6.849306
  cex: -0.256339
  cey: 18.804388
  cez: 7.142738
'2':
  X1: -179.9
  Y2: 0.0
  Z3: 90.6
  rcx: -0.264712
  rcy: 18.716293
  rcz: 6.849306
  cex: -0.253052
  cey: 18.280403
  cez: 7.294923
'3':
  X1: -129.6
  Y2: -0.1
  Z3: 0.4
  rcx: -0.695482
  rcy: 18.196239
  rcz: 6.445292
  cex: -0.681569
  cey: 18.172995
  cez: 6.662599
